{
    "M-STFT": 1.1920810431337203,
    "log2f0_mean": 0.14877348823439823,
    "FAD": 0.27812797534809164
}