{
    "M-STFT": 8.88279177129459,
    "log2f0_mean": 1.043639367644266,
    "FAD": 5.028098281253159
}